Resolution 2 3 4 5 6
Cores DoFs 2.7E+5 2.1E+6 1.6E+7 1.3E+8 1.0E+9
1  66.190600  686.539500 0 0 0
1  66.190600  686.539500 0 0 0
2  38.808900  360.477100 0 0 0
4  18.752700  169.139100 0 0 0
8  9.865800  95.975300 0 0 0
16  5.915300  52.486900  211.331000 0 0
32  4.121000  29.940900  126.749000 0 0
64  2.905800  16.006100  70.509200 0 0
128  3.060100  11.618000  37.079100  369.254000 0
256  7.590620  11.650500  26.612100  156.059800 0
512  10.647240  14.450100  18.385100  85.773900 0
768  7.393710  7.992180  16.222200  69.309000 0
