Resolution 2 3 4 5 6
Cores DoFs 2.7E+5 2.1E+6 1.6E+7 1.3E+8 1.0E+9
1  64.529000  628.418000 0 0 0
2  38.463000  326.566200 0 0 0
4  21.747900  164.025000 0 0 0
8  10.777000  92.095200 0 0 0
16  9.126900  52.493800  208.343500 0 0
32  6.122900  40.051700  173.450900 0 0
64  4.356800  41.522500  95.645800 0 0
96 0 0 0 0 0
128  52.412700  44.031400  84.364000 0 0
192  55.894960  48.231000  76.992000  311.592000 0
256  58.340830  62.874600  73.864100  248.497200 0
320  39.133460  49.432100  60.981000  239.892000 0
448  39.742400  50.114500  57.055900  223.321000 0
512  49.064630  92.016200  66.777200  224.995200 0
768 0 0 0 0 0
