Resolution 2 3 4 5 6
Cores DoFs 2.7E+5 2.1E+6 1.6E+7 1.3E+8 1.0E+9
1  63.334500  620.550200 0 0 0
1  63.334500  620.550200 0 0 0
2  50.682000  460.177700 0 0 0
4  18.454600  159.046700 0 0 0
8  9.920400  87.933200 0 0 0
16  7.950800  63.595300  287.627500 0 0
32  5.635600  38.042600  166.256700 0 0
64  4.847900  27.232000  107.095800 0 0
128  4.930500  18.187400  60.325400 0 0
256  10.304680  18.200600  38.808100  240.054300 0
512  14.691040  23.806500  28.892100  137.242900 0
768  36.878870  63.389400  24.802000  110.483000 0
1024 0 0 0  92.499700 0
